117
82
109
166
103
82
112
193
76
83
133
30
45
196
38
27
94
90
154
194
81
118
184
87
20
26
183
174
50
124
124
11
79
169
135
10
39
16
72
52
37
150
40
21
188
113
179
89
62
148
136
51
98
192
32
146
199
200
21
122
105
104
177
55
116
137
1
6
11
100
85
200
191
36
114
79
75
89
90
6
100
149
64
84
86
53
196
28
4
17
60
30
32
97
113
198
62
52
186
46
115
47
113
191
153
96
189
36
133
129
173
131
195
70
66
167
124
130
79
78
41
81
171
149
163
99
177
92
23
19
3
136
123
164
45
123
77
85
44
90
3
46
95
178
181
152
194
51
142
177
17
101
183
72
55
139
83
39
92
11
182
49
143
33
68
5
167
60
169
167
59
73
22
59
128
110
142
84
129
17
39
77
47
5
52
158
144
77
134
84
12
127
101
183
78
121
127
16
129
186
14
34
166
135
199
22
60
58
119
119
136
153
88
89
122
25
29
125
172
28
179
128
137
195
61
149
134
7
6
85
116
18
9
185
77
49
62
17
159
119
97
96
157
134
53
93
133
33
129
127
141
183
109
57
58
195
13
145
140
97
32
145
154
169
164
20
132
5
99
143
45
170
88
183
125
147
83
136
145
55
108
80
98
47
178
9
24
123
67
5
17
2
84
77
37
148
149
137
62
112
195
55
113
19
78
96
189
173
134
54
134
111
29
104
30
26
63
182
95
89
39
55
26
18
19
1
103
107
59
88
117
56
38
123
172
5
119
191
13
63
110
45
66
56
200
190
188
22
92
88
181
122
76
69
159
194
27
164
157
150
126
30
174
43
160
167
198
84
131
35
71
184
92
116
135
183
108
24
200
61
109
55
52
57
78
56
122
53
160
76
38
165
87
69
77
151
198
149
102
61
115
70
196
164
188
43
133
86
161
136
180
181
3
150
90
92
98
125
2
32
87
46
146
21
50
45
182
153
67
95
16
91
101
38
116
181
90
118
157
58
37
121
55
181
41
12
16
180
190
167
111
156
37
86
4
195
151
137
35
188
194
119
190
92
61
117
89
137
172
101
91
156
171
14
101
194
27
7
104
176
41
169
191
196
159
164
34
126
59
127
175
89
187
101
153
28
133
78
25
198
63
179
162
37
127
80
58
123
124
103
142
96
83
16
161
144
96
113
198
98
93
108
184
178
63
107
128
125
22
177
114
118
44
58
170
122
126
170
126
132
59
167
177
128
130
29
85
78
141
191
7
126
57
139
180
69
97
75
158
15
178
157
98
148
187
8
47
153
37
133
137
113
139
65
71
171
114
67
79
17
133
200
48
67
82
188
126
164
25
180
30
69
145
94
93
24
6
52
93
114
7
111
172
157
62
13
67
90
179
151
105
86
27
199
116
25
41
31
50
120
47
14
46
63
159
128
167
148
32
22
168
44
129
111
177
127
157
134
184
12
110
101
138
74
97
115
38
64
198
62
139
47
198
118
18
163
139
184
198
119
53
78
67
43
136
31
43
12
166
199
164
157
96
133
167
86
119
58
27
125
5
107
91
134
65
174
54
141
200
68
2
143
17
182
28
35
113
102
51
5
137
31
131
180
21
42
31
166
156
183
192
15
137
158
139
146
170
4
64
20
163
156
173
49
49
96
126
61
87
60
101
186
29
49
48
184
76
61
6
2
95
171
46
47
61
135
28
51
103
173
42
167
101
71
58
56
69
161
170
136
193
90
147
200
103
120
68
68
23
116
189
99
103
75
107
183
37
21
102
33
171
84
56
190
82
171
139
159
95
66
10
71
14
174
70
61
152
173
189
172
19
138
63
5
59
75
16
94
48
43
171
111
180
131
143
31
80
128
122
91
16
28
51
152
155
149
39
51
185
9
53
47
184
118
94
45
177
194
43
181
148
113
34
173
61
148
143
139
145
188
62
26
47
192
32
5
50
37
85
32
63
154
150
178
19
107
19
1
154
37
48
131
18
185
199
149
4
82
186
24
31
130
93
147
66
78
136
32
188
74
193
178
161
106
41
95
132
114
157
116
152
14
135
59
94
80
143
123
44
156
31
66
71
158
98
92
21
114
21
70
43
193
179
87
94
183
46
185
89
93
56
8
58
23
118
174
164
49
188
85
115
96
22
16
73
106
141
64
124
88
82
53
68
12
93
198
68
90
172
48
49
135
48
41
91
198
102
26
41
81
110
197
87
126
84
73
58
76
177
20
144
91
11
74
89
61
126
116
119
23
133
28
92
155
68
70
76
58
162
167
