154
59
1
169
151
198
45
99
155
45
149
35
175
122
34
188
44
28
44
48
132
63
147
170
161
170
50
171
32
108
146
112
156
19
129
48
194
88
61
126
102
173
174
36
30
119
66
155
178
119
97
57
161
24
141
178
8
194
167
31
175
149
156
139
176
118
156
175
29
197
112
176
139
91
195
119
9
112
157
66
80
28
105
69
86
81
50
102
131
48
176
147
190
144
143
41
48
57
142
42
152
156
194
72
46
7
181
90
138
174
37
195
103
144
179
172
7
50
18
131
5
177
142
166
17
103
140
182
145
147
72
124
32
151
95
193
21
177
39
47
196
200
82
36
154
141
161
34
15
77
1
189
199
23
174
74
16
177
89
175
189
142
102
15
16
187
119
48
34
100
154
121
168
62
80
105
173
48
79
195
79
69
48
99
81
99
154
36
44
9
60
58
117
189
113
197
135
142
189
58
139
170
134
67
12
99
51
127
22
161
171
37
3
8
85
88
166
142
50
157
36
124
143
3
98
117
41
181
33
125
60
123
42
130
122
65
35
50
78
130
40
27
127
196
58
140
133
79
2
26
16
169
114
185
105
86
43
146
134
33
27
39
49
55
114
32
2
46
96
44
113
146
139
89
186
13
45
194
187
61
55
181
115
9
38
106
101
136
76
144
156
71
66
194
98
105
147
66
47
17
98
50
45
14
179
45
78
82
40
55
45
72
20
83
124
50
24
131
107
189
66
77
149
108
170
16
63
72
195
94
129
123
127
132
145
5
65
45
73
103
185
116
59
120
161
147
36
78
145
187
195
93
111
67
154
38
148
200
93
81
104
71
112
144
154
66
68
170
96
118
26
49
15
128
191
64
71
114
92
124
180
51
45
129
74
88
66
116
169
37
21
127
169
163
33
27
71
18
15
111
75
53
60
193
39
40
54
163
149
5
171
137
95
192
125
160
160
77
101
130
188
154
105
130
52
42
136
53
23
128
27
10
112
32
124
105
175
49
152
94
134
107
39
129
171
103
28
108
8
19
138
35
188
22
171
128
16
3
192
38
2
100
54
68
97
192
150
115
103
164
198
190
33
137
106
117
118
129
45
149
105
85
92
196
94
39
53
133
15
197
119
51
5
168
36
7
12
86
97
86
70
192
152
129
2
46
22
85
33
77
114
38
126
91
98
99
123
131
19
168
187
111
98
79
38
138
87
90
18
12
7
198
199
71
97
54
160
45
123
78
52
70
102
160
150
136
1
170
121
168
22
168
123
102
175
47
109
200
21
193
146
86
175
110
30
56
51
95
132
5
102
128
169
143
13
78
14
54
115
41
119
151
89
150
152
46
157
125
163
129
23
151
136
96
77
116
105
97
25
3
43
44
21
37
165
85
12
27
83
43
16
182
30
185
57
142
59
149
36
47
54
73
81
135
195
178
26
1
127
42
35
149
171
173
164
63
57
151
66
85
70
23
104
199
51
30
81
129
140
6
124
9
5
136
138
49
120
198
172
37
171
169
98
17
107
165
1
194
180
135
181
132
127
78
66
161
77
16
128
99
109
88
159
177
69
198
195
105
196
7
191
176
159
28
3
37
154
134
66
21
104
19
14
2
44
78
64
74
137
57
52
195
130
56
3
94
124
27
130
163
195
181
120
75
62
139
162
143
147
128
112
149
173
49
5
56
91
120
178
148
150
183
81
4
63
197
174
169
9
86
157
39
53
46
11
144
142
83
117
115
171
184
94
57
45
95
119
65
120
58
196
73
58
45
4
156
74
194
161
152
52
81
91
107
111
162
144
51
14
109
27
189
179
175
146
108
180
161
154
177
45
35
166
52
147
89
88
10
12
134
12
54
102
116
135
123
180
90
26
116
163
16
64
171
59
71
60
27
76
181
200
7
5
78
106
139
199
105
36
159
5
49
81
118
168
113
69
104
82
45
32
10
136
7
91
167
70
198
128
61
186
159
28
74
111
96
92
3
129
161
182
40
102
91
165
79
26
159
82
29
65
51
173
99
77
191
77
114
78
144
98
28
114
122
37
30
15
49
120
104
199
72
190
24
133
194
185
145
188
131
116
135
28
191
174
129
138
6
74
137
10
157
38
133
1
4
160
40
49
80
32
68
87
195
18
101
153
27
67
199
168
58
161
156
164
48
167
95
138
31
45
157
91
171
178
53
166
21
39
104
12
150
100
106
47
78
198
128
185
160
148
109
69
181
50
181
56
6
107
185
160
82
97
127
162
59
116
124
29
188
190
89
106
115
157
193
27
110
72
142
