83
78
143
143
131
95
59
126
157
46
135
3
191
192
146
104
196
37
15
140
85
149
185
25
197
159
92
128
121
1
186
179
128
59
38
53
6
176
120
164
147
32
167
146
93
21
160
110
9
110
90
115
107
133
52
89
101
108
8
28
140
107
108
167
53
155
41
3
68
90
9
85
33
144
167
95
83
101
39
130
164
124
43
171
157
85
153
66
83
6
28
91
192
36
132
40
81
69
178
144
85
189
20
158
80
104
193
29
146
104
41
94
91
79
9
121
190
160
79
161
174
147
184
164
131
15
109
63
29
196
198
9
9
111
79
8
124
140
49
56
93
174
126
47
189
111
174
154
196
183
62
75
184
71
74
141
15
1
193
9
60
174
197
133
71
128
200
63
8
23
90
163
78
29
104
9
187
112
46
115
109
80
110
193
104
189
37
38
43
141
166
94
78
13
21
134
153
19
114
90
153
178
73
200
90
11
11
69
166
156
124
45
118
51
86
91
112
65
200
150
59
69
163
42
139
157
95
12
47
68
25
119
134
171
130
53
194
186
176
15
157
196
174
92
19
184
111
183
124
50
64
142
73
32
99
129
119
6
59
147
193
4
176
76
69
123
1
91
68
152
78
112
16
59
21
89
56
148
4
21
88
174
44
40
76
123
128
30
178
87
88
32
70
181
65
66
197
191
175
151
130
53
50
145
161
135
88
163
83
71
128
114
25
150
139
156
142
86
174
200
105
74
102
83
88
200
127
70
100
42
155
154
144
62
169
127
43
40
4
24
71
21
42
66
105
63
192
39
195
54
140
38
93
74
99
99
175
14
189
2
178
107
131
36
60
135
49
10
76
129
195
84
89
135
29
133
180
132
141
138
22
41
31
12
170
198
115
109
123
87
129
125
170
107
144
41
10
49
97
7
96
17
174
106
164
113
195
84
32
77
187
149
122
178
25
55
83
1
60
127
1
104
10
114
136
72
125
14
34
56
152
133
191
107
35
23
146
139
123
126
114
86
23
59
95
196
119
158
39
112
107
105
28
191
186
128
56
174
130
28
184
67
71
120
164
199
39
25
193
42
13
200
199
112
34
162
5
57
94
7
199
121
109
192
90
29
41
122
2
60
159
101
120
53
44
107
192
139
123
161
122
129
172
2
196
199
178
145
22
177
109
94
30
61
82
117
105
32
149
47
111
28
19
1
113
99
184
109
71
11
93
184
56
36
31
143
175
55
10
192
168
134
61
169
98
142
59
154
126
181
167
14
128
75
41
184
54
13
104
153
17
126
135
121
141
52
177
48
118
120
58
20
195
51
36
192
185
98
48
70
45
133
85
138
152
30
180
177
25
134
185
193
180
88
69
168
160
27
113
151
127
177
35
111
130
168
117
50
78
112
17
85
188
102
129
192
83
82
117
152
54
75
71
159
30
117
18
81
180
87
81
145
103
61
114
30
112
8
75
22
69
91
149
116
45
123
181
169
74
191
162
177
191
67
19
115
19
152
152
3
86
66
32
143
133
50
31
42
148
115
10
155
135
180
98
86
116
181
98
179
115
16
56
81
121
144
100
116
107
161
186
155
30
178
99
169
9
218
71
103
35
105
2
119
193
140
175
12
116
52
11
190
178
92
23
136
59
37
140
189
92
186
48
15
93
141
34
60
61
2
172
170
165
24
85
152
109
80
178
192
135
60
8
3
190
180
27
111
158
79
57
51
17
68
182
124
159
175
195
39
155
113
44
40
139
124
194
7
114
62
21
143
111
197
141
118
130
53
142
3
80
192
13
63
151
38
156
166
55
168
198
52
13
72
186
101
164
150
83
2
51
100
113
114
58
110
43
98
157
160
34
70
180
27
153
44
47
188
198
76
167
94
129
188
34
155
162
143
32
123
181
163
5
103
46
200
107
168
156
55
159
186
30
67
89
17
36
37
103
167
80
172
130
37
135
182
30
77
95
29
149
195
114
90
106
68
79
80
47
80
73
173
171
31
75
57
147
139
30
13
191
46
110
61
65
150
25
95
188
115
120
164
143
189
51
31
63
40
168
125
138
78
126
173
23
124
147
115
176
57
97
6
149
18
20
34
184
109
150
172
103
138
125
165
61
147
128
67
151
157
160
78
42
109
176
158
57
141
131
4
53
190
92
105
139
52
200
18
198
99
167
3
109
30
123
138
4
12
161
90
22
5
46
23
193
116
158
177
33
70
71
76
21
164
43
7
52
11
125
9
200
107
76
135
192
145
196
110
162
87
35
140
29
84
129
152
114
64
70
39
76
